
1 1 1 1 1 1 1 1 1 1 1 1 1 1 1 1 1 1 1 0 0 0 0 0 0 0 0 0 0 0 0 0 0 0 0 0 0 0 0 0 0 0 0 0 0 0 0 0 0 0 0 0 0 0 0 0 0 0 0 0 0 0 0 0 0 0 0 0 0 0 0 0 0 0 0 0 0 0 
154 219 142 253 156 289 268 185 321 194 418 187 481 234 343 302 479 393 270 250 203 282 254 278 281 298 184 303 258 359 298 363 326 376 290 396 341 417 400 411 375 442 376 505 424 475 424 502 482 469 106 322 177 338 190 412 263 390 268 448 278 469 078 430 013 432 218 527 
021 022 025 026 027 030 032 034 036 037 038 039 040 041 043 048 049 050 051 052 054 056 057 058 059 063 064 067 069 071 073 075 076 078 
030 210 210 100 430 030 340 200 200 200 255 203 317 238 216 242 069 269 100 300 080 360 165 430 121 482 232 462 278 425 290 538 387 478 488 537 452 411 139 183 152 209 138 236 152 237 127 263 160 272 255 155 290 195 372 132 520 090 411 213 372 237 420 250 303 279 330 315 416 309 480 336 250 242 200 292 236 295 272 277 193 307 215 311 240 340 282 329 295 306 377 345 273 367 308 352 347 372 300 408 345 430 373 409 403 428 382 450 332 464 353 473 437 467 481 500 492 457 563 442 552 497 159 312 121 328 153 340 182 353 132 380 180 394 213 390 241 401 242 425 251 439 284 456 294 495 045 384 075 463 026 416 145 532 203 539 
443 486 067 111 110 300 492 078 097 112 314 460 065 068 082 251 495 084 089 083 311 425 084 114 105 198 321 066 101 108 226 070 078 087 071 179 412 077 097 114 243 285 075 105 101 056 355 077 065 079 358 490 071 114 101 071 180 078 065 079 139 201 067 108 121 216 290 072 111 108 306 170 083 119 101 516 455 065 110 107 591 467 065 114 109 356 390 066 117 100 174 326 080 105 099 251 407 086 101 110 426 340 085 107 114 221 330 082 117 104 466 149 083 116 112 424 205 115 099 032 478 122 110 099 032 256 235 068 101 110 161 358 080 097 114 381 160 070 105 110 141 306 069 078 071 161 254 089 111 114 241 360 077 117 110 136 275 087 097 108 314 260 066 065 076 221 408 080 105 101 356 450 083 101 114 261 220 083 075 065 334 175 066 079 084 278 292 066 101 114 176 457 076 089 079 466 510 083 109 121 321 520 073 079 078 341 283 080 114 117 361 343 071 097 108 166 280 076 111 110 136 536 078 097 102 416 415 082 117 109 289 347 066 111 104 226 265 072 069 076 546 350 083 101 118 158 202 069 100 105 091 450 083 112 097 058 475 115 099 032 086 404 110 099 032 401 443 066 117 108 405 462 115 099 032 416 440 101 099 032 101 270 073 082 073 361 304 087 097 114 446 015 066 065 082 313 370 086 105 101 297 470 065 112 117 268 457 082 111 109 216 555 084 117 110 466 265 077 111 115 166 491 087 069 083 386 260 076 118 110 196 230 078 084 072 339 460 065 108 098 576 535 083 121 114 136 400 071 097 115 136 345 066 114 101 261 380 084 121 114 310 325 083 105 108 461 550 069 065 083 140 226 076 118 112 028 440 080 111 114 506 418 066 076 065 398 510 065 069 071 256 175 078 119 121 191 371 066 117 114 
573 000 960 540 577 004 764 028 577 032 764 398 577 402 764 536 768 004 928 028 932 004 956 028 768 032 956 298 768 302 956 536
067 242 071 245 081 234 067 242 081 234 074 228 074 228 080 225 078 218 067 242 074 228 078 218 082 217 089 220 094 220 082 217 094 220 095 218 082 217 095 218 094 216 094 216 097 216 101 212 082 217 094 216 101 212 078 218 082 217 101 212 119 217 120 227 130 227 119 217 130 227 130 223 110 212 119 217 130 223 110 212 130 223 138 217 110 212 138 217 138 214 110 212 138 214 130 208 101 212 110 212 130 208 101 212 130 208 129 197 078 218 101 212 129 197 078 218 129 197 139 189 078 218 139 189 140 182 078 218 140 182 148 177 078 218 148 177 148 000 067 242 078 218 148 000 064 250 067 242 148 000 064 250 148 000 000 000 064 250 000 000 000 273 070 261 064 250 000 273 070 261 000 273 058 273 
362 000 148 000 148 177 362 000 148 177 162 181 362 000 162 181 161 185 161 185 154 188 152 194 362 000 161 185 152 194 158 193 171 197 171 181 152 194 158 193 171 181 152 194 171 181 198 154 362 000 152 194 198 154 362 000 198 154 236 154 362 000 236 154 258 141 258 141 264 142 269 134 269 134 277 132 292 111 258 141 269 134 292 111 258 141 292 111 303 086 303 086 309 084 310 075 258 141 303 086 310 075 310 075 320 064 324 054 258 141 310 075 324 054 362 000 258 141 324 054 362 000 324 054 343 044 362 000 343 044 357 039 362 000 357 039 362 033 
362 000 362 033 366 033 366 033 366 042 371 033 362 000 366 033 371 033 362 000 371 033 374 038 362 000 374 038 377 031 362 000 377 031 380 033 380 033 382 040 384 033 362 000 380 033 384 033 362 000 384 033 394 038 395 041 391 047 397 048 395 041 397 048 401 045 394 038 395 041 401 045 362 000 394 038 401 045 362 000 401 045 405 049 362 000 405 049 417 047 362 000 417 047 453 061 445 084 412 083 414 088 445 084 414 088 426 094 457 079 445 084 426 094 457 079 426 094 426 103 426 103 434 118 452 122 452 122 454 119 447 116 426 103 452 122 447 116 426 103 447 116 442 110 426 103 442 110 444 101 457 079 426 103 444 101 444 101 462 109 467 106 444 101 467 106 469 100 444 101 469 100 457 091 457 079 444 101 457 091 459 066 457 079 457 091 459 066 457 091 468 074 459 066 468 074 472 072 453 061 459 066 472 072 362 000 453 061 472 072 362 000 472 072 478 074 362 000 478 074 478 066 362 000 478 066 472 062 362 000 472 062 466 045 362 000 466 045 473 043 481 050 477 055 479 057 481 050 479 057 488 060 481 050 488 060 495 058 473 043 481 050 495 058 473 043 495 058 492 048 362 000 473 043 492 048 362 000 492 048 499 033 362 000 499 033 505 026 362 000 505 026 507 020 513 023 513 038 516 033 513 023 516 033 517 019 507 020 513 023 517 019 362 000 507 020 517 019 362 000 517 019 530 006 530 006 535 009 540 000 362 000 530 006 540 000 
359 220 366 228 373 229 359 220 373 229 377 227 359 220 377 227 373 221 359 220 373 221 372 213 359 220 372 213 368 210 359 220 368 210 365 204 365 204 369 202 371 198 387 196 399 197 400 192 371 198 387 196 400 192 371 198 400 192 408 187 408 187 414 187 411 184 371 198 408 187 411 184 371 198 411 184 403 183 371 198 403 183 402 177 371 198 402 177 384 185 371 198 384 185 365 191 365 204 371 198 365 191 359 220 365 204 365 191 359 220 365 191 357 186 359 220 357 186 349 184 348 178 350 165 347 160 348 178 347 160 345 151 345 151 359 136 366 121 366 121 372 120 368 108 345 151 366 121 368 108 345 151 368 108 362 107 362 107 355 104 349 112 362 107 349 112 347 121 362 107 347 121 351 128 345 151 362 107 351 128 345 151 351 128 343 138 348 178 345 151 343 138 348 178 343 138 330 146 349 184 348 178 330 146 359 220 349 184 330 146 359 220 330 146 321 161 321 161 320 182 326 183 359 220 321 161 326 183 359 220 326 183 331 193 359 220 331 193 328 203 359 220 328 203 322 206 359 220 322 206 314 209 359 220 314 209 311 220 
245 237 248 224 241 224 241 224 241 209 231 201 245 237 241 224 231 201 229 192 233 186 231 180 229 192 231 180 233 167 233 167 237 160 236 154 233 167 236 154 198 154 229 192 233 167 198 154 231 201 229 192 198 154 245 237 231 201 198 154 245 237 198 154 171 181 245 237 171 181 171 197 245 237 171 197 170 202 245 237 170 202 165 210 245 237 165 210 158 214 158 214 151 215 157 216 245 237 158 214 157 216 245 237 157 216 161 218 245 237 161 218 163 226 163 226 163 239 168 246 163 226 168 246 170 252 169 265 166 269 168 270 169 265 168 270 171 268 170 252 169 265 171 268 170 252 171 268 177 270 163 226 170 252 177 270 176 283 165 293 172 294 172 294 168 296 173 301 176 283 172 294 173 301 178 274 176 283 173 301 178 274 173 301 191 299 177 270 178 274 191 299 163 226 177 270 191 299 163 226 191 299 198 289 163 226 198 289 205 276 205 276 205 279 207 279 205 276 207 279 211 274 163 226 205 276 211 274 163 226 211 274 211 237 245 237 163 226 211 237 
241 224 248 224 263 223 241 224 263 223 266 221 267 234 266 240 269 243 266 221 267 234 269 243 266 221 269 243 275 242 266 221 275 242 279 243 266 221 279 243 279 240 266 221 279 240 282 236 266 221 282 236 276 224 266 221 276 224 277 218 241 224 266 221 277 218 241 224 277 218 275 203 275 203 270 193 266 201 241 224 275 203 266 201 241 224 266 201 246 210 241 224 246 210 241 209 
256 263 256 266 260 269 254 255 256 263 260 269 260 269 261 274 266 275 254 255 260 269 266 275 254 255 266 275 280 266 254 255 280 266 287 267 287 267 286 274 294 275 287 267 294 275 307 273 254 255 287 267 307 273 326 265 328 274 334 273 326 265 334 273 337 264 314 266 326 265 337 264 314 266 337 264 344 262 314 266 344 262 348 254 314 266 348 254 347 248 314 266 347 248 347 243 314 266 347 243 349 229 307 273 314 266 349 229 349 229 359 220 311 220 349 229 311 220 312 229 307 273 349 229 312 229 307 273 312 229 305 244 307 273 305 244 294 245 307 273 294 245 289 254 307 273 289 254 282 253 282 253 279 243 280 248 282 253 280 248 277 250 307 273 282 253 277 250 307 273 277 250 278 254 307 273 278 254 271 260 254 255 307 273 271 260 254 255 271 260 266 255 
211 237 211 274 226 275 211 237 226 275 230 273 211 237 230 273 234 274 234 274 235 277 244 273 211 237 234 274 244 273 211 237 244 273 244 270 211 237 244 270 245 263 211 237 245 263 243 257 211 237 243 257 244 254 211 237 244 254 243 247 211 237 243 247 245 237 
100 291 112 287 122 281 122 281 130 282 127 276 100 291 122 281 127 276 100 291 127 276 119 272 100 291 119 272 116 272 100 291 116 272 115 265 115 265 128 262 126 256 115 265 126 256 121 257 132 250 135 250 139 240 121 257 132 250 139 240 121 257 139 240 136 229 115 265 121 257 136 229 115 265 136 229 130 227 100 291 115 265 130 227 100 291 130 227 120 227 120 227 110 232 109 246 100 291 120 227 109 246 100 291 109 246 098 259 100 291 098 259 087 257 100 291 087 257 070 261 100 291 070 261 058 273 100 291 058 273 088 303 
160 298 147 295 134 294 134 294 124 291 120 295 160 298 134 294 120 295 120 295 110 292 100 291 120 295 100 291 088 303 160 298 120 295 088 303 160 298 088 303 102 317 168 296 160 298 102 317 122 318 124 323 136 326 122 318 136 326 136 310 102 317 122 318 136 310 168 296 102 317 136 310 168 296 136 310 142 312 168 296 142 312 144 318 150 319 155 320 153 315 144 318 150 319 153 315 168 296 144 318 153 315 168 296 153 315 169 311 168 296 169 311 173 301 
000 520 017 518 033 496 033 496 037 495 037 490 000 520 033 496 037 490 000 520 037 490 034 484 000 520 034 484 033 475 000 520 033 475 027 468 000 520 027 468 019 469 000 520 019 469 008 462 000 273 000 520 008 462 008 462 013 454 012 450 012 450 015 441 013 440 008 462 012 450 013 440 008 462 013 440 010 433 000 273 008 462 010 433 058 273 000 273 010 433 058 273 010 433 014 427 058 273 014 427 017 427 017 427 030 406 032 396 017 427 032 396 035 384 017 427 035 384 033 381 058 273 017 427 033 381 058 273 033 381 039 375 058 273 039 375 046 378 058 273 046 378 048 374 058 273 048 374 054 375 058 273 054 375 059 381 058 273 059 381 072 384 058 273 072 384 096 397 058 273 096 397 101 396 058 273 101 396 112 399 058 273 112 399 122 384 058 273 122 384 121 382 121 382 128 363 123 357 058 273 121 382 123 357 122 350 123 344 109 329 123 357 122 350 109 329 123 357 109 329 103 328 058 273 123 357 103 328 058 273 103 328 100 322 058 273 100 322 102 317 
148 463 154 466 205 466 148 463 205 466 206 462 148 463 206 462 214 461 148 463 214 461 218 458 148 463 218 458 218 454 148 463 218 454 213 451 148 463 213 451 211 436 211 436 221 434 224 431 224 431 238 431 233 415 211 436 224 431 233 415 148 463 211 436 233 415 148 463 233 415 222 410 148 463 222 410 211 416 148 463 211 416 198 421 148 463 198 421 188 422 142 469 148 463 188 422 142 469 188 422 176 417 142 469 176 417 169 412 169 412 158 418 158 425 169 412 158 425 157 432 142 469 169 412 157 432 142 469 157 432 146 438 142 469 146 438 131 439 142 469 131 439 124 444 142 469 124 444 110 461 142 469 110 461 115 469 
041 494 042 502 046 509 041 494 046 509 064 514 041 494 064 514 068 511 068 511 068 516 079 520 068 511 079 520 084 518 041 494 068 511 084 518 041 494 084 518 089 512 041 494 089 512 099 515 041 494 099 515 106 511 041 494 106 511 117 509 041 494 117 509 150 511 150 511 169 518 179 515 041 494 150 511 179 515 179 515 203 520 208 521 179 515 208 521 212 517 041 494 179 515 212 517 041 494 212 517 218 516 218 516 218 490 217 489 218 516 217 489 212 492 218 516 212 492 208 492 218 516 208 492 204 485 204 485 206 476 205 466 204 485 205 466 154 466 218 516 204 485 154 466 218 516 154 466 150 471 218 516 150 471 142 469 218 516 142 469 115 469 218 516 115 469 113 473 218 516 113 473 107 474 218 516 107 474 098 484 218 516 098 484 090 483 218 516 090 483 086 485 218 516 086 485 083 494 041 494 218 516 083 494 041 494 083 494 078 491 041 494 078 491 060 486 037 495 041 494 060 486 037 495 060 486 052 489 037 495 052 489 047 488 037 495 047 488 037 490 
223 450 218 454 218 458 223 450 218 458 222 458 225 444 223 450 222 458 225 444 222 458 224 468 220 490 218 490 218 516 224 468 220 490 218 516 224 468 218 516 223 518 225 444 224 468 223 518 225 444 223 518 224 527 225 444 224 527 233 523 225 436 225 444 233 523 225 436 233 523 236 524 225 436 236 524 247 513 224 431 225 436 247 513 224 431 247 513 252 508 224 431 252 508 257 507 224 431 257 507 263 510 224 431 263 510 276 510 224 431 276 510 285 508 285 508 285 511 289 511 224 431 285 508 289 511 224 431 289 511 294 502 224 431 294 502 290 487 276 474 271 464 256 458 290 487 276 474 256 458 224 431 290 487 256 458 224 431 256 458 248 447 224 431 248 447 247 442 224 431 247 442 238 431 
331 477 331 454 306 436 331 477 306 436 289 418 289 418 286 402 282 401 289 418 282 401 278 410 331 477 289 418 278 410 275 403 276 399 270 398 278 410 275 403 270 398 278 410 270 398 261 401 331 477 278 410 261 401 261 401 260 417 272 424 331 477 261 401 272 424 272 424 278 443 290 453 272 424 290 453 300 453 331 477 272 424 300 453 331 477 300 453 297 456 335 480 331 477 297 456 335 480 297 456 322 480 
347 500 350 498 346 498 347 500 346 498 339 487 339 487 335 480 322 480 347 500 339 487 322 480 352 508 347 500 322 480 352 508 322 480 322 485 352 508 322 485 318 485 352 508 318 485 310 480 352 508 310 480 304 484 352 508 304 484 311 491 352 508 311 491 308 500 352 508 308 500 295 515 290 514 289 511 285 511 290 514 285 511 285 513 290 514 285 513 282 521 295 515 290 514 282 521 352 508 295 515 282 521 352 508 282 521 281 532 273 531 258 519 247 513 273 531 247 513 236 524 273 531 236 524 231 531 281 532 273 531 231 531 281 532 231 531 225 535 281 532 225 535 232 544 281 532 232 544 234 551 352 508 281 532 234 551 352 508 234 551 232 559 232 559 400 559 400 554 232 559 400 554 383 550 232 559 383 550 380 547 232 559 380 547 383 544 232 559 383 544 376 537 376 537 368 531 367 536 232 559 376 537 367 536 367 536 360 528 359 533 232 559 367 536 359 533 232 559 359 533 357 521 232 559 357 521 350 514 352 508 232 559 350 514 352 508 350 514 355 510 352 508 355 510 371 511 352 508 371 511 367 507 
383 544 387 546 412 547 412 547 416 549 435 530 383 544 412 547 435 530 383 544 435 530 435 523 383 544 435 523 427 524 383 544 427 524 423 510 383 544 423 510 417 507 383 544 417 507 417 498 417 498 420 495 417 489 383 544 417 498 417 489 383 544 417 489 417 486 383 544 417 486 409 487 383 544 409 487 410 482 410 482 414 475 410 473 383 544 410 482 410 473 383 544 410 473 408 470 383 544 408 470 400 468 383 544 400 468 392 472 392 472 380 472 386 478 386 478 381 477 382 483 392 472 386 478 382 483 379 484 371 477 368 483 379 484 368 483 378 494 382 483 379 484 378 494 392 472 382 483 378 494 378 494 371 491 370 494 378 494 370 494 385 509 392 472 378 494 385 509 392 472 385 509 386 516 383 544 392 472 386 516 383 544 386 516 377 513 383 544 377 513 378 521 383 544 378 521 371 520 383 544 371 520 376 537 
414 552 400 554 400 559 414 552 400 559 528 559 416 549 414 552 528 559 416 549 528 559 532 535 416 549 532 535 526 530 525 518 530 509 527 508 525 518 527 508 520 517 526 530 525 518 520 517 526 530 520 517 511 514 526 530 511 514 505 526 526 530 505 526 491 530 416 549 526 530 491 530 416 549 491 530 485 528 485 528 475 520 466 521 485 528 466 521 464 531 416 549 485 528 464 531 416 549 464 531 453 534 416 549 453 534 447 528 416 549 447 528 441 526 416 549 441 526 435 530 
442 460 464 457 470 447 442 460 470 447 481 438 502 433 511 440 514 438 514 438 520 441 551 437 502 433 514 438 551 437 551 437 555 438 570 427 502 433 551 437 570 427 502 433 570 427 573 417 502 433 573 417 567 408 481 438 502 433 567 408 481 438 567 408 554 406 481 438 554 406 528 394 442 460 481 438 528 394 442 460 528 394 517 393 442 460 517 393 510 386 511 383 515 384 520 371 511 383 520 371 517 371 511 383 517 371 514 365 510 386 511 383 514 365 514 365 527 354 526 351 514 365 526 351 503 364 510 386 514 365 503 364 503 364 485 378 494 387 503 364 494 387 506 384 510 386 503 364 506 384 510 386 506 384 507 389 442 460 510 386 507 389 507 389 497 392 494 396 442 460 507 389 494 396 494 396 488 397 486 404 442 460 494 396 486 404 442 460 486 404 477 401 442 460 477 401 477 396 442 460 477 396 468 392 472 385 478 383 476 381 472 385 476 381 465 383 468 392 472 385 465 383 442 460 468 392 465 383 442 460 465 383 459 379 459 379 461 377 459 375 442 460 459 379 459 375 442 460 459 375 446 378 446 378 438 397 439 404 442 460 446 378 439 404 442 460 439 404 432 409 442 460 432 409 430 423 442 460 430 423 429 426 442 460 429 426 425 427 425 427 422 441 426 450 425 427 426 450 430 455 425 427 430 455 440 458 442 460 425 427 440 458 
146 200 152 194 154 188 154 188 161 185 162 181 154 188 162 181 148 177 146 200 154 188 148 177 144 213 146 200 148 177 144 213 148 177 140 182 144 213 140 182 139 189 144 213 139 189 129 197 144 213 129 197 130 208 144 213 130 208 138 214 
146 200 144 213 145 217 146 200 145 217 155 228 155 228 163 226 161 218 155 228 161 218 157 216 155 228 157 216 151 215 146 200 155 228 151 215 146 200 151 215 158 214 146 200 158 214 165 210 146 200 165 210 170 202 146 200 170 202 171 197 146 200 171 197 158 193 146 200 158 193 152 194 
143 262 150 264 151 248 143 262 151 248 155 239 143 262 155 239 155 228 143 262 155 228 145 217 143 262 145 217 144 213 143 262 144 213 138 214 143 262 138 214 138 217 138 217 130 223 130 227 138 217 130 227 136 229 138 217 136 229 139 240 143 262 138 217 139 240 143 262 139 240 135 250 143 262 135 250 132 250 132 250 121 257 126 256 143 262 132 250 126 256 143 262 126 256 128 262 
155 239 151 248 150 264 155 239 150 264 153 271 155 239 153 271 166 269 155 228 155 239 166 269 155 228 166 269 169 265 155 228 169 265 170 252 155 228 170 252 168 246 155 228 168 246 163 239 155 228 163 239 163 226 
110 292 120 295 124 291 124 291 134 294 147 295 124 291 147 295 145 281 110 292 124 291 145 281 110 292 145 281 150 277 110 292 150 277 153 271 153 271 150 264 143 262 153 271 143 262 128 262 153 271 128 262 115 265 153 271 115 265 116 272 153 271 116 272 119 272 153 271 119 272 127 276 153 271 127 276 130 282 110 292 153 271 130 282 110 292 130 282 122 281 110 292 122 281 112 287 110 292 112 287 100 291 
150 277 145 281 147 295 153 271 150 277 147 295 153 271 147 295 160 298 160 298 168 296 172 294 160 298 172 294 165 293 153 271 160 298 165 293 153 271 165 293 176 283 153 271 176 283 178 274 153 271 178 274 177 270 177 270 171 268 168 270 153 271 177 270 168 270 153 271 168 270 166 269 
391 047 395 041 394 038 391 047 394 038 384 033 391 047 384 033 382 040 382 040 380 033 377 031 382 040 377 031 374 038 391 047 382 040 374 038 374 038 371 033 366 042 391 047 374 038 366 042 366 042 366 033 362 033 366 042 362 033 357 039 366 042 357 039 343 044 391 047 366 042 343 044 397 048 391 047 343 044 343 044 324 054 320 064 343 044 320 064 310 075 343 044 310 075 309 084 309 084 303 086 292 111 343 044 309 084 292 111 343 044 292 111 277 132 277 132 269 134 264 142 264 142 258 141 236 154 264 142 236 154 237 160 264 142 237 160 233 167 277 132 264 142 233 167 277 132 233 167 231 180 277 132 231 180 233 186 277 132 233 186 229 192 277 132 229 192 231 201 343 044 277 132 231 201 231 201 241 209 246 210 231 201 246 210 266 201 231 201 266 201 270 193 270 193 275 203 279 204 270 193 279 204 287 177 231 201 270 193 287 177 231 201 287 177 285 170 231 201 285 170 290 164 231 201 290 164 292 133 292 133 301 132 300 126 292 133 300 126 309 115 292 133 309 115 308 104 231 201 292 133 308 104 308 104 311 101 324 071 231 201 308 104 324 071 343 044 231 201 324 071 324 071 332 074 330 064 343 044 324 071 330 064 343 044 330 064 341 065 343 044 341 065 342 061 343 044 342 061 346 054 343 044 346 054 355 062 343 044 355 062 369 061 343 044 369 061 370 049 343 044 370 049 379 048 397 048 343 044 379 048 397 048 379 048 388 054 397 048 388 054 386 058 397 048 386 058 388 061 
277 218 276 224 282 236 275 203 277 218 282 236 282 236 279 240 279 243 282 236 279 243 282 253 282 236 282 253 289 254 275 203 282 236 289 254 275 203 289 254 294 245 275 203 294 245 305 244 275 203 305 244 312 229 275 203 312 229 311 220 314 209 322 206 328 203 314 209 328 203 331 193 314 209 331 193 326 183 314 209 326 183 320 182 311 220 314 209 320 182 311 220 320 182 321 161 330 146 343 138 351 128 330 146 351 128 347 121 330 146 347 121 349 112 321 161 330 146 349 112 355 104 362 107 356 071 349 112 355 104 356 071 321 161 349 112 356 071 321 161 356 071 342 061 321 161 342 061 341 065 341 065 330 064 332 074 321 161 341 065 332 074 311 220 321 161 332 074 311 220 332 074 324 071 311 220 324 071 311 101 311 101 308 104 309 115 311 220 311 101 309 115 309 115 300 126 301 132 311 220 309 115 301 132 311 220 301 132 292 133 311 220 292 133 290 164 311 220 290 164 285 170 311 220 285 170 287 177 311 220 287 177 279 204 275 203 311 220 279 204 
372 120 366 121 359 136 359 136 345 151 347 160 372 120 359 136 347 160 372 120 347 160 350 165 372 120 350 165 348 178 372 120 348 178 349 184 372 120 349 184 357 186 372 120 357 186 365 191 372 120 365 191 384 185 372 120 384 185 402 177 368 108 372 120 402 177 368 108 402 177 412 161 368 108 412 161 410 152 368 108 410 152 414 147 368 108 414 147 410 130 368 108 410 130 402 118 368 108 402 118 401 110 362 107 368 108 401 110 362 107 401 110 392 092 362 107 392 092 393 073 362 107 393 073 387 068 362 107 387 068 388 061 362 107 388 061 386 058 386 058 388 054 379 048 362 107 386 058 379 048 379 048 370 049 369 061 362 107 379 048 369 061 362 107 369 061 355 062 355 062 346 054 342 061 355 062 342 061 356 071 362 107 355 062 356 071 
609 000 540 000 535 009 535 009 530 006 517 019 609 000 535 009 517 019 609 000 517 019 516 033 609 000 516 033 513 038 513 038 513 023 507 020 513 038 507 020 505 026 513 038 505 026 499 033 513 038 499 033 492 048 609 000 513 038 492 048 609 000 492 048 495 058 477 055 481 050 473 043 477 055 473 043 466 045 479 057 477 055 466 045 479 057 466 045 472 062 488 060 479 057 472 062 488 060 472 062 478 066 495 058 488 060 478 066 495 058 478 066 478 074 609 000 495 058 478 074 478 074 472 072 468 074 478 074 468 074 457 091 609 000 478 074 457 091 609 000 457 091 469 100 609 000 469 100 467 106 462 109 444 101 442 110 462 109 442 110 447 116 462 109 447 116 454 119 467 106 462 109 454 119 609 000 467 106 454 119 609 000 454 119 452 122 426 103 426 094 414 088 434 118 426 103 414 088 412 083 445 084 457 079 412 083 457 079 459 066 412 083 459 066 453 061 412 083 453 061 417 047 412 083 417 047 405 049 412 083 405 049 401 045 412 083 401 045 397 048 414 088 412 083 397 048 414 088 397 048 388 061 434 118 414 088 388 061 388 061 387 068 393 073 434 118 388 061 393 073 434 118 393 073 392 092 434 118 392 092 401 110 434 118 401 110 402 118 452 122 434 118 402 118 452 122 402 118 410 130 452 122 410 130 414 147 452 122 414 147 476 183 609 000 452 122 476 183 609 000 476 183 489 184 609 000 489 184 515 169 609 000 515 169 534 164 609 000 534 164 564 159 609 000 564 159 573 143 609 000 573 143 598 132 609 000 598 132 609 117 
414 147 410 152 412 161 412 161 402 177 403 183 412 161 403 183 411 184 414 147 412 161 411 184 414 147 411 184 414 187 414 187 408 187 400 192 414 187 400 192 399 197 399 197 387 196 371 198 399 197 371 198 369 202 399 197 369 202 372 205 399 197 372 205 382 206 399 197 382 206 394 205 414 187 399 197 394 205 414 187 394 205 405 217 414 187 405 217 409 228 414 187 409 228 421 229 414 147 414 187 421 229 414 147 421 229 428 225 414 147 428 225 439 211 414 147 439 211 447 209 414 147 447 209 451 213 414 147 451 213 457 210 414 147 457 210 456 207 414 147 456 207 458 194 414 147 458 194 476 183 
369 202 365 204 368 210 369 202 368 210 372 213 372 213 373 221 377 227 369 202 372 213 377 227 366 228 359 220 349 229 373 229 366 228 349 229 373 229 349 229 347 243 377 227 373 229 347 243 377 227 347 243 354 251 377 227 354 251 356 261 377 227 356 261 362 260 377 227 362 260 367 265 377 227 367 265 365 281 377 227 365 281 372 283 377 227 372 283 379 290 377 227 379 290 389 285 377 227 389 285 392 278 377 227 392 278 404 275 369 202 377 227 404 275 369 202 404 275 405 239 405 239 409 228 405 217 405 239 405 217 394 205 405 239 394 205 382 206 405 239 382 206 372 205 369 202 405 239 372 205 
598 132 573 143 564 159 564 159 534 164 515 169 564 159 515 169 489 184 489 184 476 183 458 194 489 184 458 194 456 207 564 159 489 184 456 207 564 159 456 207 457 210 564 159 457 210 451 213 451 213 447 209 439 211 451 213 439 211 428 225 564 159 451 213 428 225 564 159 428 225 421 229 421 229 409 228 405 239 564 159 421 229 405 239 564 159 405 239 404 275 404 275 392 278 389 285 389 285 379 290 386 309 404 275 389 285 386 309 564 159 404 275 386 309 598 132 564 159 386 309 598 132 386 309 390 306 598 132 390 306 456 292 598 132 456 292 468 295 598 132 468 295 477 289 598 132 477 289 494 295 609 117 598 132 494 295 609 117 494 295 505 280 609 117 505 280 516 286 609 117 516 286 526 287 609 117 526 287 533 283 609 117 533 283 549 284 609 117 549 284 554 304 609 117 554 304 564 305 609 117 564 305 569 321 609 117 569 321 597 330 609 117 597 330 609 330 
347 243 347 248 348 254 344 262 337 264 334 273 328 274 326 265 314 266 328 274 314 266 307 273 328 274 307 273 294 275 328 274 294 275 292 290 334 273 328 274 292 290 334 273 292 290 297 296 334 273 297 296 296 300 334 273 296 300 320 303 320 303 324 299 326 292 334 273 320 303 326 292 344 262 334 273 326 292 344 262 326 292 341 287 348 254 344 262 341 287 348 254 341 287 345 289 348 254 345 289 359 286 347 243 348 254 359 286 347 243 359 286 365 281 365 281 367 265 362 260 365 281 362 260 356 261 347 243 365 281 356 261 347 243 356 261 354 251 
341 330 344 332 353 327 341 330 353 327 356 323 361 324 367 329 374 327 361 324 374 327 379 324 356 323 361 324 379 324 379 324 383 327 386 309 356 323 379 324 386 309 356 323 386 309 379 290 341 330 356 323 379 290 341 330 379 290 372 283 341 330 372 283 365 281 341 330 365 281 359 286 341 330 359 286 345 289 341 330 345 289 341 287 341 330 341 287 326 292 341 330 326 292 324 299 341 330 324 299 320 303 341 330 320 303 323 322 341 330 323 322 326 327 341 330 326 327 333 330 
383 327 385 332 399 338 404 354 403 360 411 361 399 338 404 354 411 361 411 361 414 372 423 376 399 338 411 361 423 376 399 338 423 376 432 372 399 338 432 372 434 360 383 327 399 338 434 360 383 327 434 360 445 350 383 327 445 350 460 345 383 327 460 345 466 307 383 327 466 307 470 303 383 327 470 303 468 295 383 327 468 295 456 292 383 327 456 292 390 306 383 327 390 306 386 309 
461 377 459 379 465 383 461 377 465 383 476 381 459 375 461 377 476 381 478 383 472 385 468 392 478 383 468 392 477 396 478 383 477 396 477 401 478 383 477 401 486 404 478 383 486 404 488 397 478 383 488 397 494 396 476 381 478 383 494 396 476 381 494 396 497 392 497 392 507 389 506 384 497 392 506 384 494 387 476 381 497 392 494 387 459 375 476 381 494 387 459 375 494 387 485 378 459 375 485 378 503 364 446 378 459 375 503 364 446 378 503 364 526 351 527 354 514 365 517 371 527 354 517 371 520 371 527 354 520 371 515 384 515 384 511 383 510 386 515 384 510 386 517 393 527 354 515 384 517 393 527 354 517 393 528 394 527 354 528 394 554 406 526 351 527 354 554 406 526 351 554 406 567 408 573 417 570 427 589 442 573 417 589 442 594 439 567 408 573 417 594 439 526 351 567 408 594 439 526 351 594 439 603 441 526 351 603 441 609 440 526 351 609 440 609 330 526 351 609 330 597 330 526 351 597 330 569 321 446 378 526 351 569 321 446 378 569 321 564 305 446 378 564 305 554 304 446 378 554 304 549 284 446 378 549 284 533 283 446 378 533 283 526 287 446 378 526 287 516 286 446 378 516 286 505 280 446 378 505 280 494 295 494 295 477 289 468 295 494 295 468 295 470 303 494 295 470 303 466 307 494 295 466 307 460 345 446 378 494 295 460 345 446 378 460 345 445 350 438 397 446 378 445 350 438 397 445 350 434 360 438 397 434 360 432 372 438 397 432 372 423 376 438 397 423 376 422 382 438 397 422 382 427 399 
279 243 275 242 269 243 266 240 267 234 266 221 266 240 266 221 263 223 266 240 263 223 248 224 269 243 266 240 248 224 269 243 248 224 245 237 269 243 245 237 243 247 279 243 269 243 243 247 279 243 243 247 244 254 279 243 244 254 254 255 279 243 254 255 266 255 279 243 266 255 271 260 271 260 278 254 277 250 279 243 271 260 277 250 279 243 277 250 280 248 
205 279 205 276 198 289 207 279 205 279 198 289 207 279 198 289 191 299 207 279 191 299 194 303 211 274 207 279 194 303 211 274 194 303 206 306 206 306 205 311 208 315 211 274 206 306 208 315 211 274 208 315 210 313 211 274 210 313 213 302 211 274 213 302 215 297 211 274 215 297 220 298 211 274 220 298 225 292 211 274 225 292 227 280 211 274 227 280 226 275 
244 254 243 257 245 263 245 263 244 270 244 273 235 277 234 274 230 273 235 277 230 273 226 275 235 277 226 275 227 280 235 277 227 280 225 292 244 273 235 277 225 292 244 273 225 292 220 298 220 298 215 297 213 302 220 298 213 302 232 308 244 273 220 298 232 308 244 273 232 308 241 316 245 263 244 273 241 316 245 263 241 316 243 322 245 263 243 322 263 310 244 254 245 263 263 310 244 254 263 310 261 296 244 254 261 296 264 293 244 254 264 293 262 287 244 254 262 287 266 283 266 283 266 275 261 274 244 254 266 283 261 274 261 274 260 269 256 266 244 254 261 274 256 266 244 254 256 266 256 263 244 254 256 263 254 255 
286 274 287 267 280 266 286 274 280 266 266 275 294 275 286 274 266 275 294 275 266 275 266 283 294 275 266 283 262 287 294 275 262 287 264 293 294 275 264 293 261 296 294 275 261 296 263 310 294 275 263 310 288 305 288 305 296 300 297 296 288 305 297 296 292 290 294 275 288 305 292 290 
173 301 169 311 184 315 173 301 184 315 192 323 173 301 192 323 205 331 173 301 205 331 210 326 173 301 210 326 208 315 173 301 208 315 205 311 173 301 205 311 206 306 173 301 206 306 194 303 173 301 194 303 191 299 
210 313 208 315 210 326 213 302 210 313 210 326 210 326 205 331 204 338 210 326 204 338 211 346 213 302 210 326 211 346 213 302 211 346 219 344 213 302 219 344 237 322 213 302 237 322 243 322 213 302 243 322 241 316 213 302 241 316 232 308 
234 366 243 370 246 369 246 369 250 371 267 368 234 366 246 369 267 368 267 368 271 370 269 362 234 366 267 368 269 362 269 362 275 362 281 356 234 366 269 362 281 356 234 366 281 356 276 346 234 366 276 346 268 343 234 366 268 343 264 329 234 366 264 329 266 325 266 325 278 326 288 321 266 325 288 321 284 314 266 325 284 314 288 305 266 325 288 305 263 310 234 366 266 325 263 310 234 366 263 310 243 322 234 366 243 322 237 322 219 344 211 346 213 352 237 322 219 344 213 352 237 322 213 352 209 363 237 322 209 363 222 365 237 322 222 365 225 362 237 322 225 362 232 363 234 366 237 322 232 363 
303 346 316 348 322 347 303 346 322 347 321 339 295 349 303 346 321 339 295 349 321 339 314 332 295 349 314 332 311 334 295 349 311 334 297 322 292 357 295 349 297 322 292 357 297 322 288 321 292 357 288 321 278 326 292 357 278 326 266 325 292 357 266 325 264 329 264 329 268 343 276 346 292 357 264 329 276 346 292 357 276 346 281 356 
297 322 311 334 314 332 314 332 321 339 325 340 314 332 325 340 329 338 297 322 314 332 329 338 297 322 329 338 333 330 297 322 333 330 326 327 297 322 326 327 323 322 288 321 297 322 323 322 288 321 323 322 320 303 288 321 320 303 296 300 288 321 296 300 288 305 288 321 288 305 284 314 
325 340 321 339 322 347 329 338 325 340 322 347 329 338 322 347 329 346 329 338 329 346 337 350 329 338 337 350 350 347 329 338 350 347 360 351 329 338 360 351 368 353 377 360 378 363 384 365 368 353 377 360 384 365 384 365 394 376 404 371 368 353 384 365 404 371 368 353 404 371 403 360 329 338 368 353 403 360 329 338 403 360 404 354 329 338 404 354 399 338 329 338 399 338 385 332 329 338 385 332 383 327 383 327 379 324 374 327 383 327 374 327 367 329 329 338 383 327 367 329 367 329 361 324 356 323 367 329 356 323 353 327 367 329 353 327 344 332 329 338 367 329 344 332 329 338 344 332 341 330 329 338 341 330 333 330 
245 384 243 388 246 392 245 384 246 392 250 397 245 384 250 397 255 394 241 378 245 384 255 394 241 378 255 394 259 388 234 374 241 378 259 388 234 374 259 388 268 385 234 374 268 385 276 386 234 374 276 386 289 385 234 374 289 385 294 380 294 380 295 362 292 357 294 380 292 357 281 356 294 380 281 356 275 362 294 380 275 362 269 362 294 380 269 362 271 370 234 374 294 380 271 370 234 374 271 370 267 368 234 374 267 368 250 371 234 374 250 371 246 369 234 374 246 369 243 370 234 374 243 370 234 366 
295 362 294 380 299 385 295 362 299 385 308 383 295 362 308 383 311 375 295 362 311 375 322 370 295 362 322 370 335 354 295 362 335 354 337 350 295 362 337 350 329 346 295 362 329 346 322 347 295 362 322 347 316 348 295 362 316 348 303 346 295 362 303 346 295 349 295 362 295 349 292 357 
378 363 377 360 368 353 378 363 368 353 360 351 378 363 360 351 350 347 378 363 350 347 337 350 384 365 378 363 337 350 384 365 337 350 335 354 384 365 335 354 322 370 384 365 322 370 311 375 384 365 311 375 308 383 384 365 308 383 311 394 384 365 311 394 321 398 384 365 321 398 323 408 384 365 323 408 332 410 384 365 332 410 335 410 384 365 335 410 338 412 384 365 338 412 342 410 384 365 342 410 360 413 360 413 365 412 367 406 384 365 360 413 367 406 384 365 367 406 387 402 384 365 387 402 401 402 401 402 406 396 401 385 401 402 401 385 395 382 384 365 401 402 395 382 384 365 395 382 394 376 
276 399 275 403 278 410 276 399 278 410 282 401 276 399 282 401 286 402 286 402 289 418 306 436 286 402 306 436 331 454 286 402 331 454 330 445 286 402 330 445 337 446 286 402 337 446 330 437 286 402 330 437 327 429 286 402 327 429 331 424 286 402 331 424 330 416 286 402 330 416 332 410 276 399 286 402 332 410 276 399 332 410 323 408 276 399 323 408 321 398 276 399 321 398 311 394 276 399 311 394 308 383 276 399 308 383 299 385 276 399 299 385 294 380 276 399 294 380 289 385 289 385 276 386 279 389 276 399 289 385 279 389 
346 466 350 471 356 471 346 466 356 471 361 467 346 466 361 467 369 464 346 466 369 464 365 461 346 466 365 461 371 456 346 466 371 456 366 439 366 439 371 438 368 433 346 466 366 439 368 433 346 466 368 433 365 425 365 425 367 421 365 412 346 466 365 425 365 412 346 466 365 412 360 413 360 413 342 410 338 412 338 412 335 410 332 410 338 412 332 410 330 416 360 413 338 412 330 416 360 413 330 416 331 424 360 413 331 424 327 429 360 413 327 429 330 437 360 413 330 437 337 446 360 413 337 446 346 452 346 466 360 413 346 452 
404 371 394 376 395 382 404 371 395 382 401 385 404 371 401 385 406 396 401 402 387 402 367 406 401 402 367 406 365 412 401 402 365 412 367 421 401 402 367 421 370 425 401 402 370 425 375 423 401 402 375 423 382 427 406 396 401 402 382 427 406 396 382 427 390 425 406 396 390 425 398 427 406 396 398 427 404 422 406 396 404 422 410 420 404 371 406 396 410 420 403 360 404 371 410 420 403 360 410 420 422 420 403 360 422 420 430 423 403 360 430 423 432 409 432 409 439 404 438 397 432 409 438 397 427 399 403 360 432 409 427 399 403 360 427 399 422 382 422 382 423 376 414 372 403 360 422 382 414 372 403 360 414 372 411 361 
420 451 426 450 422 441 412 454 420 451 422 441 412 454 422 441 425 427 425 427 429 426 430 423 425 427 430 423 422 420 412 454 425 427 422 420 412 454 422 420 410 420 412 454 410 420 404 422 412 454 404 422 398 427 412 454 398 427 390 425 412 454 390 425 382 427 412 454 382 427 375 423 412 454 375 423 370 425 370 425 367 421 365 425 412 454 370 425 365 425 412 454 365 425 368 433 412 454 368 433 371 438 
371 438 366 439 371 456 371 456 365 461 369 464 371 456 369 464 376 464 371 438 371 456 376 464 371 438 376 464 388 460 388 460 392 472 400 468 371 438 388 460 400 468 371 438 400 468 408 470 371 438 408 470 413 464 371 438 413 464 412 454 
331 454 331 477 335 480 331 454 335 480 339 487 331 454 339 487 350 477 331 454 350 477 350 471 331 454 350 471 346 466 331 454 346 466 346 452 331 454 346 452 337 446 331 454 337 446 330 445 
360 528 367 536 368 531 368 531 376 537 371 520 360 528 368 531 371 520 371 520 378 521 377 513 360 528 371 520 377 513 377 513 386 516 385 509 377 513 385 509 370 494 371 491 378 494 368 483 370 494 371 491 368 483 371 477 379 484 382 483 371 477 382 483 381 477 381 477 386 478 380 472 371 477 381 477 380 472 380 472 392 472 388 460 371 477 380 472 388 460 371 477 388 460 376 464 368 483 371 477 376 464 368 483 376 464 369 464 368 483 369 464 361 467 370 494 368 483 361 467 370 494 361 467 356 471 377 513 370 494 356 471 377 513 356 471 350 471 377 513 350 471 350 477 377 513 350 477 339 487 339 487 346 498 350 498 350 498 347 500 352 508 350 498 352 508 367 507 339 487 350 498 367 507 377 513 339 487 367 507 377 513 367 507 371 511 360 528 377 513 371 511 360 528 371 511 355 510 355 510 350 514 357 521 360 528 355 510 357 521 360 528 357 521 359 533 
408 470 410 473 414 475 414 475 410 482 409 487 414 475 409 487 417 486 417 486 417 489 423 487 414 475 417 486 423 487 414 475 423 487 432 493 414 475 432 493 452 495 408 470 414 475 452 495 408 470 452 495 466 491 408 470 466 491 468 479 408 470 468 479 468 461 408 470 468 461 464 457 408 470 464 457 442 460 408 470 442 460 440 458 408 470 440 458 430 455 408 470 430 455 426 450 426 450 420 451 412 454 426 450 412 454 413 464 408 470 426 450 413 464 
420 495 417 498 417 507 420 495 417 507 423 510 420 495 423 510 427 524 420 495 427 524 435 523 417 489 420 495 435 523 435 523 435 530 441 526 417 489 435 523 441 526 417 489 441 526 447 528 417 489 447 528 453 534 417 489 453 534 464 531 417 489 464 531 466 521 417 489 466 521 475 520 475 520 485 528 491 530 475 520 491 530 505 526 417 489 475 520 505 526 511 514 520 517 527 508 527 508 530 509 536 494 511 514 527 508 536 494 511 514 536 494 545 486 545 486 555 484 563 479 545 486 563 479 562 471 511 514 545 486 562 471 511 514 562 471 556 467 511 514 556 467 555 460 511 514 555 460 546 462 511 514 546 462 531 460 505 526 511 514 531 460 505 526 531 460 508 480 505 526 508 480 501 482 505 526 501 482 490 480 505 526 490 480 473 491 505 526 473 491 466 491 505 526 466 491 452 495 505 526 452 495 432 493 417 489 505 526 432 493 417 489 432 493 423 487 
555 438 551 437 520 441 520 441 514 438 511 440 511 440 502 433 481 438 520 441 511 440 481 438 520 441 481 438 470 447 555 438 520 441 470 447 555 438 470 447 464 457 555 438 464 457 468 461 555 438 468 461 468 479 555 438 468 479 466 491 466 491 473 491 490 480 555 438 466 491 490 480 555 438 490 480 501 482 555 438 501 482 508 480 555 438 508 480 531 460 555 438 531 460 546 462 555 438 546 462 555 460 555 438 555 460 557 449 
603 441 594 439 589 442 589 442 570 427 555 438 589 442 555 438 557 449 603 441 589 442 557 449 609 440 603 441 557 449 609 440 557 449 555 460 609 440 555 460 556 467 609 440 556 467 562 471 609 440 562 471 563 479 609 440 563 479 584 478 609 440 584 478 609 493 
525 518 526 530 532 535 532 535 528 559 609 559 525 518 532 535 609 559 525 518 609 559 609 493 525 518 609 493 584 478 525 518 584 478 563 479 525 518 563 479 555 484 525 518 555 484 545 486 545 486 536 494 530 509 525 518 545 486 530 509 
169 311 153 315 155 320 155 320 150 319 148 329 169 311 155 320 148 329 169 311 148 329 159 331 169 311 159 331 165 331 169 311 165 331 172 328 169 311 172 328 188 332 169 311 188 332 192 323 169 311 192 323 184 315 
144 318 142 312 136 310 144 318 136 310 136 326 150 319 144 318 136 326 124 323 122 318 102 317 124 323 102 317 100 322 136 326 124 323 100 322 136 326 100 322 103 328 136 326 103 328 109 329 136 326 109 329 123 344 150 319 136 326 123 344 150 319 123 344 122 350 150 319 122 350 123 357 150 319 123 357 128 363 128 363 146 365 146 337 150 319 128 363 146 337 150 319 146 337 148 329 
146 365 149 372 156 374 146 365 156 374 165 365 146 365 165 365 185 344 146 365 185 344 188 332 146 365 188 332 172 328 146 365 172 328 165 331 146 365 165 331 159 331 146 365 159 331 148 329 146 365 148 329 146 337 
165 365 156 374 158 380 185 344 165 365 158 380 185 344 158 380 165 383 185 344 165 383 163 387 185 344 163 387 168 395 185 344 168 395 173 396 188 332 185 344 173 396 173 396 178 390 178 381 188 332 173 396 178 381 188 332 178 381 194 382 188 332 194 382 208 367 188 332 208 367 209 363 188 332 209 363 213 352 188 332 213 352 211 346 188 332 211 346 204 338 188 332 204 338 205 331 188 332 205 331 192 323 
128 363 121 382 122 384 122 384 112 399 113 407 122 384 113 407 123 412 128 363 122 384 123 412 128 363 123 412 134 417 128 363 134 417 135 414 128 363 135 414 142 417 128 363 142 417 149 403 128 363 149 403 157 397 128 363 157 397 168 395 128 363 168 395 163 387 163 387 165 383 158 380 128 363 163 387 158 380 158 380 156 374 149 372 128 363 158 380 149 372 128 363 149 372 146 365 
154 427 158 425 158 418 169 412 176 417 188 422 169 412 188 422 198 421 169 412 198 421 211 416 169 412 211 416 203 410 169 412 203 410 204 402 169 412 204 402 201 399 169 412 201 399 207 396 169 412 207 396 204 390 158 418 169 412 204 390 158 418 204 390 207 386 207 386 203 379 197 385 158 418 207 386 197 385 158 418 197 385 194 382 194 382 178 381 178 390 158 418 194 382 178 390 158 418 178 390 173 396 158 418 173 396 168 395 154 427 158 418 168 395 154 427 168 395 157 397 154 427 157 397 149 403 154 427 149 403 142 417 
207 386 204 390 207 396 207 396 201 399 204 402 207 396 204 402 203 410 207 396 203 410 211 416 207 386 207 396 211 416 207 386 211 416 222 410 207 386 222 410 233 415 207 386 233 415 236 411 207 386 236 411 233 404 233 404 246 392 243 388 233 404 243 388 229 385 233 404 229 385 227 390 207 386 233 404 227 390 227 390 221 385 213 387 207 386 227 390 213 387 
278 443 272 424 260 417 270 398 276 399 279 389 261 401 270 398 279 389 261 401 279 389 276 386 261 401 276 386 268 385 261 401 268 385 259 388 260 417 261 401 259 388 260 417 259 388 255 394 260 417 255 394 250 397 260 417 250 397 246 392 260 417 246 392 233 404 260 417 233 404 236 411 260 417 236 411 240 415 260 417 240 415 246 416 260 417 246 416 253 418 278 443 260 417 253 418 278 443 253 418 263 434 278 443 263 434 274 447 
233 415 238 431 247 442 233 415 247 442 250 438 233 415 250 438 263 434 233 415 263 434 253 418 233 415 253 418 246 416 233 415 246 416 240 415 233 415 240 415 236 411 
247 442 248 447 256 458 247 442 256 458 271 464 247 442 271 464 279 458 247 442 279 458 280 455 247 442 280 455 279 451 247 442 279 451 274 447 247 442 274 447 263 434 247 442 263 434 250 438 
310 480 318 485 322 485 310 480 322 485 322 480 310 480 322 480 297 456 304 484 310 480 297 456 297 456 300 453 290 453 304 484 297 456 290 453 304 484 290 453 278 443 278 443 274 447 279 451 304 484 278 443 279 451 304 484 279 451 280 455 304 484 280 455 279 458 304 484 279 458 293 481 
271 464 276 474 290 487 294 502 289 511 290 514 294 502 290 514 295 515 294 502 295 515 308 500 290 487 294 502 308 500 271 464 290 487 308 500 308 500 311 491 304 484 308 500 304 484 293 481 271 464 308 500 293 481 271 464 293 481 279 458 
113 407 112 399 101 396 113 407 101 396 096 397 113 407 096 397 072 384 113 407 072 384 059 381 123 412 113 407 059 381 059 381 054 375 048 374 059 381 048 374 046 378 123 412 059 381 046 378 134 417 123 412 046 378 134 417 046 378 039 375 134 417 039 375 033 381 134 417 033 381 035 384 035 384 032 396 043 395 134 417 035 384 043 395 043 395 042 399 055 400 134 417 043 395 055 400 134 417 055 400 062 407 134 417 062 407 061 411 134 417 061 411 052 412 134 417 052 412 042 432 042 432 037 431 040 441 134 417 042 432 040 441 
134 417 040 441 034 447 134 417 034 447 036 457 134 417 036 457 027 468 134 417 027 468 033 475 134 417 033 475 034 484 134 417 034 484 037 490 134 417 037 490 047 488 134 417 047 488 052 489 134 417 052 489 060 486 134 417 060 486 078 491 078 491 083 494 086 485 134 417 078 491 086 485 134 417 086 485 090 483 090 483 098 484 107 474 107 474 113 473 115 469 090 483 107 474 115 469 090 483 115 469 110 461 134 417 090 483 110 461 134 417 110 461 124 444 134 417 124 444 131 439 134 417 131 439 146 438 134 417 146 438 157 432 157 432 158 425 154 427 134 417 157 432 154 427 134 417 154 427 142 417 134 417 142 417 135 414 
017 427 014 427 010 433 017 427 010 433 013 440 030 406 017 427 013 440 030 406 013 440 015 441 030 406 015 441 012 450 030 406 012 450 013 454 013 454 008 462 019 469 030 406 013 454 019 469 032 396 030 406 019 469 032 396 019 469 027 468 027 468 036 457 034 447 032 396 027 468 034 447 034 447 040 441 037 431 032 396 034 447 037 431 032 396 037 431 042 432 032 396 042 432 052 412 032 396 052 412 061 411 032 396 061 411 062 407 062 407 055 400 042 399 032 396 062 407 042 399 032 396 042 399 043 395 
203 520 179 515 169 518 169 518 150 511 117 509 169 518 117 509 106 511 169 518 106 511 099 515 203 520 169 518 099 515 099 515 089 512 084 518 203 520 099 515 084 518 203 520 084 518 079 520 068 516 068 511 064 514 068 516 064 514 046 509 079 520 068 516 046 509 042 502 041 494 037 495 046 509 042 502 037 495 046 509 037 495 033 496 046 509 033 496 017 518 079 520 046 509 017 518 079 520 017 518 000 520 079 520 000 520 000 559 203 520 079 520 000 559 000 559 195 559 197 527 203 520 000 559 197 527 
232 559 234 551 232 544 232 559 232 544 225 535 225 535 231 531 236 524 225 535 236 524 233 523 225 535 233 523 224 527 224 527 223 518 218 516 225 535 224 527 218 516 232 559 225 535 218 516 232 559 218 516 212 517 232 559 212 517 208 521 232 559 208 521 203 520 232 559 203 520 197 527 232 559 197 527 195 559 
070 261 064 250 067 242 071 245 081 234 074 228 080 225 078 218 082 217 089 220 094 220 095 218 094 216 097 216 101 212 110 212 119 217 120 227 130 227 130 223 138 217 138 214 130 208 129 197 139 189 140 182 148 177 148 000 000 000 000 273 058 273 
362 033 357 039 343 044 324 054 320 064 310 075 309 084 303 086 292 111 277 132 269 134 264 142 258 141 236 154 198 154 171 181 171 197 158 193 152 194 154 188 161 185 162 181 148 177 148 000 362 000 
540 000 535 009 530 006 517 019 516 033 513 038 513 023 507 020 505 026 499 033 492 048 495 058 488 060 479 057 477 055 481 050 473 043 466 045 472 062 478 066 478 074 472 072 468 074 457 091 469 100 467 106 462 109 444 101 442 110 447 116 454 119 452 122 434 118 426 103 426 094 414 088 412 083 445 084 457 079 459 066 453 061 417 047 405 049 401 045 397 048 391 047 395 041 394 038 384 033 382 040 380 033 377 031 374 038 371 033 366 042 366 033 362 033 362 000 
311 220 314 209 322 206 328 203 331 193 326 183 320 182 321 161 330 146 343 138 351 128 347 121 349 112 355 104 362 107 368 108 372 120 366 121 359 136 345 151 347 160 350 165 348 178 349 184 357 186 365 191 384 185 402 177 403 183 411 184 414 187 408 187 400 192 399 197 387 196 371 198 369 202 365 204 368 210 372 213 373 221 377 227 373 229 366 228 359 220 
245 237 248 224 241 224 241 209 231 201 229 192 233 186 231 180 233 167 237 160 236 154 198 154 171 181 171 197 170 202 165 210 158 214 151 215 157 216 161 218 163 226 163 239 168 246 170 252 169 265 166 269 168 270 171 268 177 270 178 274 176 283 165 293 172 294 168 296 173 301 191 299 198 289 205 276 205 279 207 279 211 274 211 237 
241 209 246 210 266 201 270 193 275 203 277 218 276 224 282 236 279 240 279 243 275 242 269 243 266 240 267 234 266 221 263 223 248 224 241 224 
266 255 271 260 278 254 277 250 280 248 279 243 282 253 289 254 294 245 305 244 312 229 311 220 359 220 349 229 347 243 347 248 348 254 344 262 337 264 334 273 328 274 326 265 314 266 307 273 294 275 286 274 287 267 280 266 266 275 261 274 260 269 256 266 256 263 254 255 
245 237 243 247 244 254 243 257 245 263 244 270 244 273 235 277 234 274 230 273 226 275 211 274 211 237 
100 291 112 287 122 281 130 282 127 276 119 272 116 272 115 265 128 262 126 256 121 257 132 250 135 250 139 240 136 229 130 227 120 227 110 232 109 246 098 259 087 257 070 261 058 273 088 303 
173 301 169 311 153 315 155 320 150 319 144 318 142 312 136 310 136 326 124 323 122 318 102 317 088 303 100 291 110 292 120 295 124 291 134 294 147 295 160 298 168 296 
102 317 100 322 103 328 109 329 123 344 122 350 123 357 128 363 121 382 122 384 112 399 101 396 096 397 072 384 059 381 054 375 048 374 046 378 039 375 033 381 035 384 032 396 030 406 017 427 014 427 010 433 013 440 015 441 012 450 013 454 008 462 019 469 027 468 033 475 034 484 037 490 037 495 033 496 017 518 000 520 000 273 058 273 
115 469 110 461 124 444 131 439 146 438 157 432 158 425 158 418 169 412 176 417 188 422 198 421 211 416 222 410 233 415 238 431 224 431 221 434 211 436 213 451 218 454 218 458 214 461 206 462 205 466 154 466 148 463 142 469 
037 490 047 488 052 489 060 486 078 491 083 494 086 485 090 483 098 484 107 474 113 473 115 469 142 469 150 471 154 466 205 466 206 476 204 485 208 492 212 492 217 489 218 490 218 516 212 517 208 521 203 520 179 515 169 518 150 511 117 509 106 511 099 515 089 512 084 518 079 520 068 516 068 511 064 514 046 509 042 502 041 494 037 495 
238 431 247 442 248 447 256 458 271 464 276 474 290 487 294 502 289 511 285 511 285 508 276 510 263 510 257 507 252 508 247 513 236 524 233 523 224 527 223 518 218 516 218 490 220 490 224 468 222 458 218 458 218 454 223 450 225 444 225 436 224 431 
322 480 297 456 300 453 290 453 278 443 272 424 260 417 261 401 270 398 276 399 275 403 278 410 282 401 286 402 289 418 306 436 331 454 331 477 335 480 
367 507 371 511 355 510 350 514 357 521 359 533 360 528 367 536 368 531 376 537 383 544 380 547 383 550 400 554 400 559 232 559 234 551 232 544 225 535 231 531 236 524 247 513 258 519 273 531 281 532 282 521 285 513 285 511 289 511 290 514 295 515 308 500 311 491 304 484 310 480 318 485 322 485 322 480 335 480 339 487 346 498 350 498 347 500 352 508 
376 537 371 520 378 521 377 513 386 516 385 509 370 494 371 491 378 494 368 483 371 477 379 484 382 483 381 477 386 478 380 472 392 472 400 468 408 470 410 473 414 475 410 482 409 487 417 486 417 489 420 495 417 498 417 507 423 510 427 524 435 523 435 530 416 549 412 547 387 546 383 544 
435 530 441 526 447 528 453 534 464 531 466 521 475 520 485 528 491 530 505 526 511 514 520 517 527 508 530 509 525 518 526 530 532 535 528 559 400 559 400 554 414 552 416 549 
440 458 430 455 426 450 422 441 425 427 429 426 430 423 432 409 439 404 438 397 446 378 459 375 461 377 459 379 465 383 476 381 478 383 472 385 468 392 477 396 477 401 486 404 488 397 494 396 497 392 507 389 506 384 494 387 485 378 503 364 526 351 527 354 514 365 517 371 520 371 515 384 511 383 510 386 517 393 528 394 554 406 567 408 573 417 570 427 555 438 551 437 520 441 514 438 511 440 502 433 481 438 470 447 464 457 442 460 
138 214 130 208 129 197 139 189 140 182 148 177 162 181 161 185 154 188 152 194 146 200 144 213 
152 194 158 193 171 197 170 202 165 210 158 214 151 215 157 216 161 218 163 226 155 228 145 217 144 213 146 200 
128 262 126 256 121 257 132 250 135 250 139 240 136 229 130 227 130 223 138 217 138 214 144 213 145 217 155 228 155 239 151 248 150 264 143 262 
163 226 163 239 168 246 170 252 169 265 166 269 153 271 150 264 151 248 155 239 155 228 
100 291 112 287 122 281 130 282 127 276 119 272 116 272 115 265 128 262 143 262 150 264 153 271 150 277 145 281 147 295 134 294 124 291 120 295 110 292 
166 269 168 270 171 268 177 270 178 274 176 283 165 293 172 294 168 296 160 298 147 295 145 281 150 277 153 271 
397 048 391 047 395 041 394 038 384 033 382 040 380 033 377 031 374 038 371 033 366 042 366 033 362 033 357 039 343 044 324 054 320 064 310 075 309 084 303 086 292 111 277 132 269 134 264 142 258 141 236 154 237 160 233 167 231 180 233 186 229 192 231 201 241 209 246 210 266 201 270 193 275 203 279 204 287 177 285 170 290 164 292 133 301 132 300 126 309 115 308 104 311 101 324 071 332 074 330 064 341 065 342 061 346 054 355 062 369 061 370 049 379 048 388 054 386 058 388 061 
275 203 277 218 276 224 282 236 279 240 279 243 282 253 289 254 294 245 305 244 312 229 311 220 314 209 322 206 328 203 331 193 326 183 320 182 321 161 330 146 343 138 351 128 347 121 349 112 355 104 362 107 356 071 342 061 341 065 330 064 332 074 324 071 311 101 308 104 309 115 300 126 301 132 292 133 290 164 285 170 287 177 279 204 
362 107 368 108 372 120 366 121 359 136 345 151 347 160 350 165 348 178 349 184 357 186 365 191 384 185 402 177 412 161 410 152 414 147 410 130 402 118 401 110 392 092 393 073 387 068 388 061 386 058 388 054 379 048 370 049 369 061 355 062 346 054 342 061 356 071 
609 000 540 000 535 009 530 006 517 019 516 033 513 038 513 023 507 020 505 026 499 033 492 048 495 058 488 060 479 057 477 055 481 050 473 043 466 045 472 062 478 066 478 074 472 072 468 074 457 091 469 100 467 106 462 109 444 101 442 110 447 116 454 119 452 122 434 118 426 103 426 094 414 088 412 083 445 084 457 079 459 066 453 061 417 047 405 049 401 045 397 048 388 061 387 068 393 073 392 092 401 110 402 118 410 130 414 147 476 183 489 184 515 169 534 164 564 159 573 143 598 132 609 117 
414 147 410 152 412 161 402 177 403 183 411 184 414 187 408 187 400 192 399 197 387 196 371 198 369 202 372 205 382 206 394 205 405 217 409 228 421 229 428 225 439 211 447 209 451 213 457 210 456 207 458 194 476 183 
369 202 365 204 368 210 372 213 373 221 377 227 373 229 366 228 359 220 349 229 347 243 354 251 356 261 362 260 367 265 365 281 372 283 379 290 389 285 392 278 404 275 405 239 409 228 405 217 394 205 382 206 372 205 
609 117 598 132 573 143 564 159 534 164 515 169 489 184 476 183 458 194 456 207 457 210 451 213 447 209 439 211 428 225 421 229 409 228 405 239 404 275 392 278 389 285 379 290 386 309 390 306 456 292 468 295 477 289 494 295 505 280 516 286 526 287 533 283 549 284 554 304 564 305 569 321 597 330 609 330 
347 243 347 248 348 254 344 262 337 264 334 273 328 274 326 265 314 266 307 273 294 275 292 290 297 296 296 300 320 303 324 299 326 292 341 287 345 289 359 286 365 281 367 265 362 260 356 261 354 251 
333 330 326 327 323 322 320 303 324 299 326 292 341 287 345 289 359 286 365 281 372 283 379 290 386 309 383 327 379 324 374 327 367 329 361 324 356 323 353 327 344 332 341 330 
383 327 385 332 399 338 404 354 403 360 411 361 414 372 423 376 432 372 434 360 445 350 460 345 466 307 470 303 468 295 456 292 390 306 386 309 
438 397 446 378 459 375 461 377 459 379 465 383 476 381 478 383 472 385 468 392 477 396 477 401 486 404 488 397 494 396 497 392 507 389 506 384 494 387 485 378 503 364 526 351 527 354 514 365 517 371 520 371 515 384 511 383 510 386 517 393 528 394 554 406 567 408 573 417 570 427 589 442 594 439 603 441 609 440 609 330 597 330 569 321 564 305 554 304 549 284 533 283 526 287 516 286 505 280 494 295 477 289 468 295 470 303 466 307 460 345 445 350 434 360 432 372 423 376 422 382 427 399 
279 243 275 242 269 243 266 240 267 234 266 221 263 223 248 224 245 237 243 247 244 254 254 255 266 255 271 260 278 254 277 250 280 248 
226 275 227 280 225 292 220 298 215 297 213 302 210 313 208 315 205 311 206 306 194 303 191 299 198 289 205 276 205 279 207 279 211 274 
244 254 243 257 245 263 244 270 244 273 235 277 234 274 230 273 226 275 227 280 225 292 220 298 215 297 213 302 232 308 241 316 243 322 263 310 261 296 264 293 262 287 266 283 266 275 261 274 260 269 256 266 256 263 254 255 
294 275 286 274 287 267 280 266 266 275 266 283 262 287 264 293 261 296 263 310 288 305 296 300 297 296 292 290 
191 299 194 303 206 306 205 311 208 315 210 326 205 331 192 323 184 315 169 311 173 301 
213 302 210 313 208 315 210 326 205 331 204 338 211 346 219 344 237 322 243 322 241 316 232 308 
234 366 243 370 246 369 250 371 267 368 271 370 269 362 275 362 281 356 276 346 268 343 264 329 266 325 278 326 288 321 284 314 288 305 263 310 243 322 237 322 219 344 211 346 213 352 209 363 222 365 225 362 232 363 
281 356 276 346 268 343 264 329 266 325 278 326 288 321 297 322 311 334 314 332 321 339 322 347 316 348 303 346 295 349 292 357 
288 321 297 322 311 334 314 332 321 339 325 340 329 338 333 330 326 327 323 322 320 303 296 300 288 305 284 314 
333 330 341 330 344 332 353 327 356 323 361 324 367 329 374 327 379 324 383 327 385 332 399 338 404 354 403 360 404 371 394 376 384 365 378 363 377 360 368 353 360 351 350 347 337 350 329 346 322 347 321 339 325 340 329 338 
234 366 243 370 246 369 250 371 267 368 271 370 269 362 275 362 281 356 292 357 295 362 294 380 289 385 276 386 268 385 259 388 255 394 250 397 246 392 243 388 245 384 241 378 234 374 
292 357 295 349 303 346 316 348 322 347 329 346 337 350 335 354 322 370 311 375 308 383 299 385 294 380 295 362 
394 376 395 382 401 385 406 396 401 402 387 402 367 406 365 412 360 413 342 410 338 412 335 410 332 410 323 408 321 398 311 394 308 383 311 375 322 370 335 354 337 350 350 347 360 351 368 353 377 360 378 363 384 365 
276 399 275 403 278 410 282 401 286 402 289 418 306 436 331 454 330 445 337 446 330 437 327 429 331 424 330 416 332 410 323 408 321 398 311 394 308 383 299 385 294 380 289 385 276 386 279 389 
346 466 350 471 356 471 361 467 369 464 365 461 371 456 366 439 371 438 368 433 365 425 367 421 365 412 360 413 342 410 338 412 335 410 332 410 330 416 331 424 327 429 330 437 337 446 346 452 
403 360 404 371 394 376 395 382 401 385 406 396 401 402 387 402 367 406 365 412 367 421 370 425 375 423 382 427 390 425 398 427 404 422 410 420 422 420 430 423 432 409 439 404 438 397 427 399 422 382 423 376 414 372 411 361 
412 454 420 451 426 450 422 441 425 427 429 426 430 423 422 420 410 420 404 422 398 427 390 425 382 427 375 423 370 425 367 421 365 425 368 433 371 438 
371 438 366 439 371 456 365 461 369 464 376 464 388 460 392 472 400 468 408 470 413 464 412 454 
331 454 331 477 335 480 339 487 350 477 350 471 346 466 346 452 337 446 330 445 
360 528 367 536 368 531 376 537 371 520 378 521 377 513 386 516 385 509 370 494 371 491 378 494 368 483 371 477 379 484 382 483 381 477 386 478 380 472 392 472 388 460 376 464 369 464 361 467 356 471 350 471 350 477 339 487 346 498 350 498 347 500 352 508 367 507 371 511 355 510 350 514 357 521 359 533 
408 470 410 473 414 475 410 482 409 487 417 486 417 489 423 487 432 493 452 495 466 491 468 479 468 461 464 457 442 460 440 458 430 455 426 450 420 451 412 454 413 464 
417 489 420 495 417 498 417 507 423 510 427 524 435 523 435 530 441 526 447 528 453 534 464 531 466 521 475 520 485 528 491 530 505 526 511 514 520 517 527 508 530 509 536 494 545 486 555 484 563 479 562 471 556 467 555 460 546 462 531 460 508 480 501 482 490 480 473 491 466 491 452 495 432 493 423 487 
555 438 551 437 520 441 514 438 511 440 502 433 481 438 470 447 464 457 468 461 468 479 466 491 473 491 490 480 501 482 508 480 531 460 546 462 555 460 557 449 
609 493 584 478 563 479 562 471 556 467 555 460 557 449 555 438 570 427 589 442 594 439 603 441 609 440 
530 509 536 494 545 486 555 484 563 479 584 478 609 493 609 559 528 559 532 535 526 530 525 518 
169 311 153 315 155 320 150 319 148 329 159 331 165 331 172 328 188 332 192 323 184 315 
150 319 144 318 142 312 136 310 136 326 124 323 122 318 102 317 100 322 103 328 109 329 123 344 122 350 123 357 128 363 146 365 146 337 148 329 
146 365 149 372 156 374 165 365 185 344 188 332 172 328 165 331 159 331 148 329 146 337 
192 323 205 331 204 338 211 346 213 352 209 363 208 367 194 382 178 381 178 390 173 396 168 395 163 387 165 383 158 380 156 374 165 365 185 344 188 332 
128 363 121 382 122 384 112 399 113 407 123 412 134 417 135 414 142 417 149 403 157 397 168 395 163 387 165 383 158 380 156 374 149 372 146 365 
142 417 149 403 157 397 168 395 173 396 178 390 178 381 194 382 197 385 203 379 207 386 204 390 207 396 201 399 204 402 203 410 211 416 198 421 188 422 176 417 169 412 158 418 158 425 154 427 
207 386 204 390 207 396 201 399 204 402 203 410 211 416 222 410 233 415 236 411 233 404 246 392 243 388 229 385 227 390 221 385 213 387 
278 443 272 424 260 417 261 401 270 398 276 399 279 389 276 386 268 385 259 388 255 394 250 397 246 392 233 404 236 411 240 415 246 416 253 418 263 434 274 447 
233 415 238 431 247 442 250 438 263 434 253 418 246 416 240 415 236 411 
247 442 248 447 256 458 271 464 279 458 280 455 279 451 274 447 263 434 250 438 
304 484 310 480 318 485 322 485 322 480 297 456 300 453 290 453 278 443 274 447 279 451 280 455 279 458 293 481 
271 464 276 474 290 487 294 502 289 511 290 514 295 515 308 500 311 491 304 484 293 481 279 458 
134 417 123 412 113 407 112 399 101 396 096 397 072 384 059 381 054 375 048 374 046 378 039 375 033 381 035 384 032 396 043 395 042 399 055 400 062 407 061 411 052 412 042 432 037 431 040 441 
134 417 040 441 034 447 036 457 027 468 033 475 034 484 037 490 047 488 052 489 060 486 078 491 083 494 086 485 090 483 098 484 107 474 113 473 115 469 110 461 124 444 131 439 146 438 157 432 158 425 154 427 142 417 135 414 
032 396 030 406 017 427 014 427 010 433 013 440 015 441 012 450 013 454 008 462 019 469 027 468 036 457 034 447 040 441 037 431 042 432 052 412 061 411 062 407 055 400 042 399 043 395 
203 520 179 515 169 518 150 511 117 509 106 511 099 515 089 512 084 518 079 520 068 516 068 511 064 514 046 509 042 502 041 494 037 495 033 496 017 518 000 520 000 559 195 559 197 527 
232 559 234 551 232 544 225 535 231 531 236 524 233 523 224 527 223 518 218 516 212 517 208 521 203 520 197 527 195 559 
                      0 
                      0 
                      0 
                      0 
                      0 
                      0 
                      0 
                      0 
                      0 
                      0 
                      0 
                      0 
                      0 
                      0 
                      0 
                      0 
                      0 
                      0 
                      0 
 21 22                0 
 20 22 23             0 
 20 21 23 24          0 
 21 22 24 25          0 
 22 23 25             0 
 23 24                0 
 27 28 30             0 
 26 28 37             0 
 26 27 30             0 
                      0 
 26 28 31 32          0 
 30 32 33 34          0 
 30 31 34 35 36       0 
 31 34 40 45          0 
 31 32 33 35 45 46    0 
 32 34 36 46 52       0 
 32 35 52 60          0 
 27 39                0 
 39 41 42             0 
 37 38 40 42 43       0 
 33 39 43 45          0 
 38 42 62 65          0 
 38 39 41 43 65       0 
 39 40 42 44 45 47 65 0 
 43 45 46 47 48       0 
 33 34 40 43 44 46    0 
 34 35 44 45 48 49 52 0 
 43 44 48 50 68 69    0 
 44 46 47 49 50       0 
 46 48 50 51 52       0 
 47 48 49 51 55 69    0 
 49 50 52 54 55 56    0 
 35 36 46 49 51 54    0 
                      0 
 51 52 55 56 57       0 
 50 51 56             0 
 51 54 55             0 
 54 58 59             0 
 57 59 60 61          0 
 57 58 60             0 
 36 58 59 61          0 
 58 60                0 
 41 63 64 65          0 
 62 64 66             0 
 62 63 65 66          0 
 41 42 43 62 64 66 67 0 
 63 64 65 67          0 
 65 66 68 75          0 
 47 67 69 70          0 
 47 50 68 70 71 72    0 
 68 69 71 71          0 
 69 70 72 73          0 
 69 71 73             0 
 71 72                0 
                      0 
 66 67 76             0 
 75                   0 
 78                   0 
 77                   0 
 02 09 11 20 22                   0 
 01 03 05 20 21 26                0 
 02 26 29                         0 
 07 27 28 30 31                   0 
 02 06 08 10 21 23 25 26 37 38 41 0 
 05 26 27 37                      0 
 04 27 31 33 37 39 40             0 
 05 37 38 39                      0 
 01 10 11 22 24                   0 
 05 09 11 24 25 41 62 63          0 
 01 09 10 13 63 66 74 75 76 77    0 
 13 14 67 68 70 75                0 
 11 12 14 75 77 78                0 
 12 13 16 70 71 73 78             0 
 16 50 55 69 72                   0 
 14 15 17 18 55 56 72 73 78       0 
 16 18 54 56 57 58                0 
 16 17 58 61                      0 
 36 52 53 57 59 60                0 
 01 02 21 22                      0 
 02 05 20 23                      0 
 01 09 20 24                      0 
 05 21 25                         0 
 09 10 22 25                      0 
 05 10 24 23                      0 
 02 03 05 06 27 28 29             0 
 04 06 07 26 28 37                0 
 04 27 30                         0 
 03 26                            0 
 04 28 31                         0 
 04 07 30 33                      0 
                                  0 
 07 31 40                         0 
                                  0 
                                  0 
 19 52 60                         0 
 05 06 07 08 27 39                0 
 05 08 39 41                      0 
 07 08 37 38 40                   0 
 07 33 39                         0 
 05 10 38 62                      0 
                                  0 
                                  0 
                                  0 
                                  0 
                                  0 
                                  0 
                                  0 
                                  0 
 15 69 55                         0 
                                  0 
 19 36 53                         0 
 19 52 57                         0 
 17 56 57                         0 
 15 16 50 56                      0 
 16 17 54 55                      0 
 17 19 58 59                      0 
 17 18 57 61                      0 
 19 57 60                         0 
 19 36 59                         0 
 18 58                            0 
 10 41 63                         0 
 10 11 62 66                      0 
                                  0 
                                  0 
 11 63 75                         0 
 12 68 75                         0 
 12 67 70                         0 
 15 50 72                         0 
 12 14 68 71                      0 
 14 70 73                         0 
 15 16 69 73                      0 
 14 16 71 72                      0 
 11 66 76                         0 
 11 12 13 67 76                   0 
 11 74 75                         0 
 11 13 78                         0 
 13 14 16 77                      0 